
     Program PWSCF v.6.4.1 starts on 30May2024 at 22:46:26 

     This program is part of the open-source Quantum ESPRESSO suite
     for quantum simulation of materials; please cite
         "P. Giannozzi et al., J. Phys.:Condens. Matter 21 395502 (2009);
         "P. Giannozzi et al., J. Phys.:Condens. Matter 29 465901 (2017);
          URL http://www.quantum-espresso.org", 
     in publications or presentations arising from this work. More details at
     http://www.quantum-espresso.org/quote

     Parallel version (MPI), running on    32 processors

     MPI processes distributed on     1 nodes
     R & G space division:  proc/nbgrp/npool/nimage =      32
     Reading input from v16o40.rlx.in

     Current dimensions of program PWSCF are:
     Max number of different atomic species (ntypx) = 10
     Max number of k-points (npk) =  40000
     Max angular momentum in pseudopotentials (lmaxx) =  3
               file V.pbe-spnl-kjpaw_psl.1.0.0.UPF: wavefunction(s)  3P 3D renormalized
               file O.pbe-n-kjpaw_psl.1.0.0.UPF: wavefunction(s)  2S 2P renormalized

     -------------------------------------------------
     Parameters for Dispersion (Grimme-D2) Correction:
     -------------------------------------------------
       atom      VdW radius       C_6     

        V          2.952        374.666
        O          2.536         24.284

     Subspace diagonalization in iterative solution of the eigenvalue problem:
     one sub-group per band group will be used
     ELPA distributed-memory algorithm (size of sub-group:  4*  4 procs)

     Found symmetry operation: I + (  0.5000  0.0000  0.0000)
     This is a supercell, fractional translations are disabled

     Parallelization info
     --------------------
     sticks:   dense  smooth     PW     G-vecs:    dense   smooth      PW
     Min         363     145     39                42943    10863    1531
     Max         367     146     40                42945    10870    1534
     Sum       11627    4657   1261              1374195   347715   49027



     bravais-lattice index     =            8
     lattice parameter (alat)  =      13.5232  a.u.
     unit-cell volume          =    4911.3436 (a.u.)^3
     number of atoms/cell      =           56
     number of atomic types    =            2
     number of electrons       =       448.00
     number of Kohn-Sham states=          269
     kinetic-energy cutoff     =      65.0000  Ry
     charge density cutoff     =     650.0000  Ry
     convergence threshold     =      1.0E-10
     mixing beta               =       0.7000
     number of iterations used =            8  plain     mixing
     Exchange-correlation      = SLA PW PBX PBC ( 1  4  3  4 0 0)
     nstep                     =          500


     celldm(1)=  13.523246  celldm(2)=   1.231081  celldm(3)=   1.613135
     celldm(4)=   0.000000  celldm(5)=   0.000000  celldm(6)=   0.000000

     crystal axes: (cart. coord. in units of alat)
               a(1) = (   1.000000   0.000000   0.000000 )  
               a(2) = (   0.000000   1.231081   0.000000 )  
               a(3) = (   0.000000   0.000000   1.613135 )  

     reciprocal axes: (cart. coord. in units 2 pi/alat)
               b(1) = (  1.000000  0.000000  0.000000 )  
               b(2) = (  0.000000  0.812294  0.000000 )  
               b(3) = (  0.000000  0.000000  0.619911 )  


     PseudoPot. # 1 for V  read from file:
     /home/mpicuntureo/pseudos/V.pbe-spnl-kjpaw_psl.1.0.0.UPF
     MD5 check sum: 069c5df6a0a9f40a694a86a6cab52b89
     Pseudo is Projector augmented-wave + core cor, Zval = 13.0
     Generated using "atomic" code by A. Dal Corso v.6.3
     Shape of augmentation charge: PSQ
     Using radial grid of 1181 points,  6 beta functions with: 
                l(1) =   0
                l(2) =   0
                l(3) =   1
                l(4) =   1
                l(5) =   2
                l(6) =   2
     Q(r) pseudized with 0 coefficients 


     PseudoPot. # 2 for O  read from file:
     /home/mpicuntureo/pseudos/O.pbe-n-kjpaw_psl.1.0.0.UPF
     MD5 check sum: e99d9cef9b487d1ca56f5b95ecd0fd7a
     Pseudo is Projector augmented-wave + core cor, Zval =  6.0
     Generated using "atomic" code by A. Dal Corso v.6.3
     Shape of augmentation charge: PSQ
     Using radial grid of 1095 points,  4 beta functions with: 
                l(1) =   0
                l(2) =   0
                l(3) =   1
                l(4) =   1
     Q(r) pseudized with 0 coefficients 


     atomic species   valence    mass     pseudopotential
        V             13.00    50.94150     V ( 1.00)
        O              6.00    15.99940     O ( 1.00)


     Simplified LDA+U calculation (l_max = 2) with parameters (eV):
     atomic species    L          U    alpha       J0     beta
        V              2     4.0000   0.0000   0.0000   0.0000



      4 Sym. Ops. (no inversion) found



   Cartesian axes

     site n.     atom                  positions (alat units)
         1           V   tau(   1) = (   0.0000000   0.2347607   1.0468618  )
         2           V   tau(   2) = (   0.2500000   0.3806958   1.3728350  )
         3           V   tau(   3) = (   0.2500000   0.3806958   0.2403003  )
         4           V   tau(   4) = (   0.0000000   0.2347607   0.5662735  )
         5           O   tau(   5) = (   0.2500000   0.3032478   1.0991655  )
         6           O   tau(   6) = (   0.0000000   0.3122310   1.3205111  )
         7           O   tau(   7) = (   0.0000000   0.3122310   0.2926242  )
         8           O   tau(   8) = (   0.2500000   0.3032478   0.5139698  )
         9           O   tau(   9) = (   0.0000000   0.0120329   0.5693047  )
        10           O   tau(  10) = (   0.2500000   0.6034230   0.2372678  )
        11           O   tau(  11) = (   0.2500000   0.6034230   1.3758675  )
        12           O   tau(  12) = (   0.2500000   0.3125313   0.0000000  )
        13           O   tau(  13) = (   0.0000000   0.3029536   0.8065677  )
        14           O   tau(  14) = (   0.0000000   0.0120329   1.0438306  )
        15           V   tau(  15) = (   0.0000000   0.8503855   1.0468680  )
        16           V   tau(  16) = (   0.2500000   0.9963204   1.3728412  )
        17           V   tau(  17) = (   0.2500000   0.9963204   0.2402942  )
        18           V   tau(  18) = (   0.0000000   0.8503855   0.5662673  )
        19           O   tau(  19) = (   0.2500000   0.9188502   1.0991919  )
        20           O   tau(  20) = (   0.0000000   0.9278335   1.3205374  )
        21           O   tau(  21) = (   0.0000000   0.9278335   0.2925979  )
        22           O   tau(  22) = (   0.2500000   0.9188502   0.5139434  )
        23           O   tau(  23) = (   0.0000000   0.6276582   0.5692999  )
        24           O   tau(  24) = (   0.2500000   1.2190483   0.2372630  )
        25           O   tau(  25) = (   0.2500000   1.2190483   1.3758723  )
        26           O   tau(  26) = (   0.2500000   0.9281275   0.0000000  )
        27           O   tau(  27) = (   0.0000000   0.9185499   0.8065677  )
        28           O   tau(  28) = (   0.0000000   0.6276582   1.0438354  )
        29           V   tau(  29) = (   0.5000000   0.2347608   1.0468618  )
        30           V   tau(  30) = (   0.7500000   0.3806958   1.3728350  )
        31           V   tau(  31) = (   0.7500000   0.3806958   0.2403003  )
        32           V   tau(  32) = (   0.5000000   0.2347608   0.5662735  )
        33           O   tau(  33) = (   0.7500000   0.3032478   1.0991655  )
        34           O   tau(  34) = (   0.5000000   0.3122310   1.3205111  )
        35           O   tau(  35) = (   0.5000000   0.3122310   0.2926242  )
        36           O   tau(  36) = (   0.7500000   0.3032478   0.5139698  )
        37           O   tau(  37) = (   0.5000000   0.0120330   0.5693047  )
        38           O   tau(  38) = (   0.7500000   0.6034230   0.2372678  )
        39           O   tau(  39) = (   0.7500000   0.6034230   1.3758675  )
        40           O   tau(  40) = (   0.7500000   0.3125313   0.0000000  )
        41           O   tau(  41) = (   0.5000000   0.3029537   0.8065677  )
        42           O   tau(  42) = (   0.5000000   0.0120330   1.0438306  )
        43           V   tau(  43) = (   0.5000000   0.8503855   1.0468680  )
        44           V   tau(  44) = (   0.7500000   0.9963204   1.3728412  )
        45           V   tau(  45) = (   0.7500000   0.9963204   0.2402942  )
        46           V   tau(  46) = (   0.5000000   0.8503855   0.5662673  )
        47           O   tau(  47) = (   0.7500000   0.9188502   1.0991919  )
        48           O   tau(  48) = (   0.5000000   0.9278335   1.3205374  )
        49           O   tau(  49) = (   0.5000000   0.9278335   0.2925979  )
        50           O   tau(  50) = (   0.7500000   0.9188502   0.5139434  )
        51           O   tau(  51) = (   0.5000000   0.6276582   0.5692999  )
        52           O   tau(  52) = (   0.7500000   1.2190483   0.2372630  )
        53           O   tau(  53) = (   0.7500000   1.2190483   1.3758723  )
        54           O   tau(  54) = (   0.7500000   0.9281275   0.0000000  )
        55           O   tau(  55) = (   0.5000000   0.9185500   0.8065677  )
        56           O   tau(  56) = (   0.5000000   0.6276582   1.0438354  )

     number of k points=     8  gaussian smearing, width (Ry)=  0.0500
                       cart. coord. in units 2pi/alat
        k(    1) = (   0.0000000   0.0000000   0.0000000), wk =   0.2500000
        k(    2) = (   0.0000000   0.0000000  -0.3099554), wk =   0.2500000
        k(    3) = (   0.0000000  -0.4061470   0.0000000), wk =   0.2500000
        k(    4) = (   0.0000000  -0.4061470  -0.3099554), wk =   0.2500000
        k(    5) = (  -0.5000000   0.0000000   0.0000000), wk =   0.2500000
        k(    6) = (  -0.5000000   0.0000000  -0.3099554), wk =   0.2500000
        k(    7) = (  -0.5000000  -0.4061470   0.0000000), wk =   0.2500000
        k(    8) = (  -0.5000000  -0.4061470  -0.3099554), wk =   0.2500000

     Dense  grid:  1374195 G-vectors     FFT dimensions: ( 120, 135, 180)

     Smooth grid:   347715 G-vectors     FFT dimensions: (  72,  90, 120)

     Estimated max dynamical RAM per process >     343.29 MB

     Estimated total dynamical RAM >      10.73 GB

     Check: negative core charge=   -0.000001

     Initial potential from superposition of free atoms

     starting charge  447.98541, renormalised to  448.00000
     Number of +U iterations with fixed ns =  0
     Starting occupations:
 --- enter write_ns ---
 LDA+U parameters:
U( 1)     =  4.00000000
alpha( 1) =  0.00000000
atom    1   Tr[ns(na)] =   3.00000
    eigenvalues: 
  0.300  0.300  0.300  0.300  0.300
    eigenvectors:
  1.000  0.000  0.000  0.000  0.000
  0.000  1.000  0.000  0.000  0.000
  0.000  0.000  1.000  0.000  0.000
  0.000  0.000  0.000  1.000  0.000
  0.000  0.000  0.000  0.000  1.000
    occupations:
  0.300  0.000  0.000  0.000  0.000
  0.000  0.300  0.000  0.000  0.000
  0.000  0.000  0.300  0.000  0.000
  0.000  0.000  0.000  0.300  0.000
  0.000  0.000  0.000  0.000  0.300
atom    2   Tr[ns(na)] =   3.00000
    eigenvalues: 
  0.300  0.300  0.300  0.300  0.300
    eigenvectors:
  1.000  0.000  0.000  0.000  0.000
  0.000  1.000  0.000  0.000  0.000
  0.000  0.000  1.000  0.000  0.000
  0.000  0.000  0.000  1.000  0.000
  0.000  0.000  0.000  0.000  1.000
    occupations:
  0.300  0.000  0.000  0.000  0.000
  0.000  0.300  0.000  0.000  0.000
  0.000  0.000  0.300  0.000  0.000
  0.000  0.000  0.000  0.300  0.000
  0.000  0.000  0.000  0.000  0.300
atom    3   Tr[ns(na)] =   3.00000
    eigenvalues: 
  0.300  0.300  0.300  0.300  0.300
    eigenvectors:
  1.000  0.000  0.000  0.000  0.000
  0.000  1.000  0.000  0.000  0.000
  0.000  0.000  1.000  0.000  0.000
  0.000  0.000  0.000  1.000  0.000
  0.000  0.000  0.000  0.000  1.000
    occupations:
  0.300  0.000  0.000  0.000  0.000
  0.000  0.300  0.000  0.000  0.000
  0.000  0.000  0.300  0.000  0.000
  0.000  0.000  0.000  0.300  0.000
  0.000  0.000  0.000  0.000  0.300
atom    4   Tr[ns(na)] =   3.00000
    eigenvalues: 
  0.300  0.300  0.300  0.300  0.300
    eigenvectors:
  1.000  0.000  0.000  0.000  0.000
  0.000  1.000  0.000  0.000  0.000
  0.000  0.000  1.000  0.000  0.000
  0.000  0.000  0.000  1.000  0.000
  0.000  0.000  0.000  0.000  1.000
    occupations:
  0.300  0.000  0.000  0.000  0.000
  0.000  0.300  0.000  0.000  0.000
  0.000  0.000  0.300  0.000  0.000
  0.000  0.000  0.000  0.300  0.000
  0.000  0.000  0.000  0.000  0.300
atom   15   Tr[ns(na)] =   3.00000
    eigenvalues: 
  0.300  0.300  0.300  0.300  0.300
    eigenvectors:
  1.000  0.000  0.000  0.000  0.000
  0.000  1.000  0.000  0.000  0.000
  0.000  0.000  1.000  0.000  0.000
  0.000  0.000  0.000  1.000  0.000
  0.000  0.000  0.000  0.000  1.000
    occupations:
  0.300  0.000  0.000  0.000  0.000
  0.000  0.300  0.000  0.000  0.000
  0.000  0.000  0.300  0.000  0.000
  0.000  0.000  0.000  0.300  0.000
  0.000  0.000  0.000  0.000  0.300
atom   16   Tr[ns(na)] =   3.00000
    eigenvalues: 
  0.300  0.300  0.300  0.300  0.300
    eigenvectors:
  1.000  0.000  0.000  0.000  0.000
  0.000  1.000  0.000  0.000  0.000
  0.000  0.000  1.000  0.000  0.000
  0.000  0.000  0.000  1.000  0.000
  0.000  0.000  0.000  0.000  1.000
    occupations:
  0.300  0.000  0.000  0.000  0.000
  0.000  0.300  0.000  0.000  0.000
  0.000  0.000  0.300  0.000  0.000
  0.000  0.000  0.000  0.300  0.000
  0.000  0.000  0.000  0.000  0.300
atom   17   Tr[ns(na)] =   3.00000
    eigenvalues: 
  0.300  0.300  0.300  0.300  0.300
    eigenvectors:
  1.000  0.000  0.000  0.000  0.000
  0.000  1.000  0.000  0.000  0.000
  0.000  0.000  1.000  0.000  0.000
  0.000  0.000  0.000  1.000  0.000
  0.000  0.000  0.000  0.000  1.000
    occupations:
  0.300  0.000  0.000  0.000  0.000
  0.000  0.300  0.000  0.000  0.000
  0.000  0.000  0.300  0.000  0.000
  0.000  0.000  0.000  0.300  0.000
  0.000  0.000  0.000  0.000  0.300
atom   18   Tr[ns(na)] =   3.00000
    eigenvalues: 
  0.300  0.300  0.300  0.300  0.300
    eigenvectors:
  1.000  0.000  0.000  0.000  0.000
  0.000  1.000  0.000  0.000  0.000
  0.000  0.000  1.000  0.000  0.000
  0.000  0.000  0.000  1.000  0.000
  0.000  0.000  0.000  0.000  1.000
    occupations:
  0.300  0.000  0.000  0.000  0.000
  0.000  0.300  0.000  0.000  0.000
  0.000  0.000  0.300  0.000  0.000
  0.000  0.000  0.000  0.300  0.000
  0.000  0.000  0.000  0.000  0.300
atom   29   Tr[ns(na)] =   3.00000
    eigenvalues: 
  0.300  0.300  0.300  0.300  0.300
    eigenvectors:
  1.000  0.000  0.000  0.000  0.000
  0.000  1.000  0.000  0.000  0.000
  0.000  0.000  1.000  0.000  0.000
  0.000  0.000  0.000  1.000  0.000
  0.000  0.000  0.000  0.000  1.000
    occupations:
  0.300  0.000  0.000  0.000  0.000
  0.000  0.300  0.000  0.000  0.000
  0.000  0.000  0.300  0.000  0.000
  0.000  0.000  0.000  0.300  0.000
  0.000  0.000  0.000  0.000  0.300
atom   30   Tr[ns(na)] =   3.00000
    eigenvalues: 
  0.300  0.300  0.300  0.300  0.300
    eigenvectors:
  1.000  0.000  0.000  0.000  0.000
  0.000  1.000  0.000  0.000  0.000
  0.000  0.000  1.000  0.000  0.000
  0.000  0.000  0.000  1.000  0.000
  0.000  0.000  0.000  0.000  1.000
    occupations:
  0.300  0.000  0.000  0.000  0.000
  0.000  0.300  0.000  0.000  0.000
  0.000  0.000  0.300  0.000  0.000
  0.000  0.000  0.000  0.300  0.000
  0.000  0.000  0.000  0.000  0.300
atom   31   Tr[ns(na)] =   3.00000
    eigenvalues: 
  0.300  0.300  0.300  0.300  0.300
    eigenvectors:
  1.000  0.000  0.000  0.000  0.000
  0.000  1.000  0.000  0.000  0.000
  0.000  0.000  1.000  0.000  0.000
  0.000  0.000  0.000  1.000  0.000
  0.000  0.000  0.000  0.000  1.000
    occupations:
  0.300  0.000  0.000  0.000  0.000
  0.000  0.300  0.000  0.000  0.000
  0.000  0.000  0.300  0.000  0.000
  0.000  0.000  0.000  0.300  0.000
  0.000  0.000  0.000  0.000  0.300
atom   32   Tr[ns(na)] =   3.00000
    eigenvalues: 
  0.300  0.300  0.300  0.300  0.300
    eigenvectors:
  1.000  0.000  0.000  0.000  0.000
  0.000  1.000  0.000  0.000  0.000
  0.000  0.000  1.000  0.000  0.000
  0.000  0.000  0.000  1.000  0.000
  0.000  0.000  0.000  0.000  1.000
    occupations:
  0.300  0.000  0.000  0.000  0.000
  0.000  0.300  0.000  0.000  0.000
  0.000  0.000  0.300  0.000  0.000
  0.000  0.000  0.000  0.300  0.000
  0.000  0.000  0.000  0.000  0.300
atom   43   Tr[ns(na)] =   3.00000
    eigenvalues: 
  0.300  0.300  0.300  0.300  0.300
    eigenvectors:
  1.000  0.000  0.000  0.000  0.000
  0.000  1.000  0.000  0.000  0.000
  0.000  0.000  1.000  0.000  0.000
  0.000  0.000  0.000  1.000  0.000
  0.000  0.000  0.000  0.000  1.000
    occupations:
  0.300  0.000  0.000  0.000  0.000
  0.000  0.300  0.000  0.000  0.000
  0.000  0.000  0.300  0.000  0.000
  0.000  0.000  0.000  0.300  0.000
  0.000  0.000  0.000  0.000  0.300
atom   44   Tr[ns(na)] =   3.00000
    eigenvalues: 
  0.300  0.300  0.300  0.300  0.300
    eigenvectors:
  1.000  0.000  0.000  0.000  0.000
  0.000  1.000  0.000  0.000  0.000
  0.000  0.000  1.000  0.000  0.000
  0.000  0.000  0.000  1.000  0.000
  0.000  0.000  0.000  0.000  1.000
    occupations:
  0.300  0.000  0.000  0.000  0.000
  0.000  0.300  0.000  0.000  0.000
  0.000  0.000  0.300  0.000  0.000
  0.000  0.000  0.000  0.300  0.000
  0.000  0.000  0.000  0.000  0.300
atom   45   Tr[ns(na)] =   3.00000
    eigenvalues: 
  0.300  0.300  0.300  0.300  0.300
    eigenvectors:
  1.000  0.000  0.000  0.000  0.000
  0.000  1.000  0.000  0.000  0.000
  0.000  0.000  1.000  0.000  0.000
  0.000  0.000  0.000  1.000  0.000
  0.000  0.000  0.000  0.000  1.000
    occupations:
  0.300  0.000  0.000  0.000  0.000
  0.000  0.300  0.000  0.000  0.000
  0.000  0.000  0.300  0.000  0.000
  0.000  0.000  0.000  0.300  0.000
  0.000  0.000  0.000  0.000  0.300
atom   46   Tr[ns(na)] =   3.00000
    eigenvalues: 
  0.300  0.300  0.300  0.300  0.300
    eigenvectors:
  1.000  0.000  0.000  0.000  0.000
  0.000  1.000  0.000  0.000  0.000
  0.000  0.000  1.000  0.000  0.000
  0.000  0.000  0.000  1.000  0.000
  0.000  0.000  0.000  0.000  1.000
    occupations:
  0.300  0.000  0.000  0.000  0.000
  0.000  0.300  0.000  0.000  0.000
  0.000  0.000  0.300  0.000  0.000
  0.000  0.000  0.000  0.300  0.000
  0.000  0.000  0.000  0.000  0.300
N of occupied +U levels =   48.000000
 --- exit write_ns ---
 Atomic wfc used for LDA+U Projector are NOT orthogonalized
     Starting wfcs are  320 randomized atomic wfcs
     Checking if some PAW data can be deallocated... 

     total cpu time spent up to now is      163.2 secs

     Self-consistent Calculation

     iteration #  1     ecut=    65.00 Ry     beta= 0.70
     Davidson diagonalization with overlap
     ethr =  1.00E-02,  avg # of iterations =  2.0
 --- enter write_ns ---
 LDA+U parameters:
U( 1)     =  4.00000000
alpha( 1) =  0.00000000
atom    1   Tr[ns(na)] =   2.78533
    eigenvalues: 
  0.169  0.265  0.267  0.323  0.369
    eigenvectors:
  0.000  0.000  0.078  0.591  0.331
  0.988  0.012  0.000  0.000  0.000
  0.000  0.000  0.896  0.103  0.001
  0.000  0.000  0.026  0.306  0.668
  0.012  0.988  0.000  0.000  0.000
    occupations:
  0.334 -0.000  0.016  0.024  0.000
 -0.000  0.171 -0.000  0.000 -0.011
  0.016 -0.000  0.273 -0.007  0.000
  0.024  0.000 -0.007  0.352 -0.000
  0.000 -0.011  0.000 -0.000  0.264
atom    2   Tr[ns(na)] =   2.78465
    eigenvalues: 
  0.169  0.265  0.267  0.323  0.369
    eigenvectors:
  0.000  0.000  0.078  0.591  0.331
  0.988  0.012  0.000  0.000  0.000
  0.000  0.000  0.896  0.103  0.001
  0.000  0.000  0.026  0.306  0.668
  0.012  0.987  0.000  0.000  0.000
    occupations:
  0.334 -0.000  0.016  0.024  0.000
 -0.000  0.170  0.000  0.000 -0.010
  0.016  0.000  0.273 -0.007 -0.000
  0.024  0.000 -0.007  0.352  0.000
  0.000 -0.010 -0.000  0.000  0.264
atom    3   Tr[ns(na)] =   2.78465
    eigenvalues: 
  0.169  0.265  0.267  0.323  0.369
    eigenvectors:
  0.000  0.000  0.078  0.591  0.331
  0.988  0.012  0.000  0.000  0.000
  0.000  0.000  0.896  0.103  0.001
  0.000  0.000  0.026  0.306  0.668
  0.012  0.987  0.000  0.000  0.000
    occupations:
  0.334  0.000 -0.016  0.024  0.000
  0.000  0.170  0.000 -0.000  0.010
 -0.016  0.000  0.273  0.007  0.000
  0.024 -0.000  0.007  0.352  0.000
  0.000  0.010  0.000  0.000  0.264
atom    4   Tr[ns(na)] =   2.78533
    eigenvalues: 
  0.169  0.265  0.267  0.323  0.369
    eigenvectors:
  0.000  0.000  0.078  0.591  0.331
  0.988  0.012  0.000  0.000  0.000
  0.000  0.000  0.896  0.103  0.001
  0.000  0.000  0.026  0.306  0.668
  0.012  0.988  0.000  0.000  0.000
    occupations:
  0.334 -0.000 -0.016  0.024  0.000
 -0.000  0.171 -0.000  0.000  0.011
 -0.016 -0.000  0.273  0.007  0.000
  0.024  0.000  0.007  0.352 -0.000
  0.000  0.011  0.000 -0.000  0.264
atom   15   Tr[ns(na)] =   2.78545
    eigenvalues: 
  0.169  0.265  0.267  0.323  0.369
    eigenvectors:
  0.000  0.000  0.078  0.592  0.330
  0.988  0.012  0.000  0.000  0.000
  0.000  0.000  0.897  0.103  0.001
  0.000  0.000  0.026  0.306  0.669
  0.012  0.988  0.000  0.000  0.000
    occupations:
  0.334 -0.000  0.016  0.024  0.000
 -0.000  0.171 -0.000  0.000 -0.010
  0.016 -0.000  0.273 -0.007  0.000
  0.024  0.000 -0.007  0.352 -0.000
  0.000 -0.010  0.000 -0.000  0.264
atom   16   Tr[ns(na)] =   2.78461
    eigenvalues: 
  0.169  0.265  0.267  0.323  0.369
    eigenvectors:
  0.000  0.000  0.078  0.592  0.330
  0.988  0.012  0.000  0.000  0.000
  0.000  0.000  0.897  0.102  0.001
  0.000  0.000  0.026  0.306  0.669
  0.012  0.988  0.000  0.000  0.000
    occupations:
  0.334 -0.000  0.016  0.024 -0.000
 -0.000  0.171  0.000  0.000 -0.011
  0.016  0.000  0.272 -0.007 -0.000
  0.024  0.000 -0.007  0.352 -0.000
 -0.000 -0.011 -0.000 -0.000  0.264
atom   17   Tr[ns(na)] =   2.78461
    eigenvalues: 
  0.169  0.265  0.267  0.323  0.369
    eigenvectors:
  0.000  0.000  0.078  0.592  0.330
  0.988  0.012  0.000  0.000  0.000
  0.000  0.000  0.897  0.102  0.001
  0.000  0.000  0.026  0.306  0.669
  0.012  0.988  0.000  0.000  0.000
    occupations:
  0.334  0.000 -0.016  0.024 -0.000
  0.000  0.171  0.000 -0.000  0.011
 -0.016  0.000  0.272  0.007  0.000
  0.024 -0.000  0.007  0.352 -0.000
 -0.000  0.011  0.000 -0.000  0.264
atom   18   Tr[ns(na)] =   2.78545
    eigenvalues: 
  0.169  0.265  0.267  0.323  0.369
    eigenvectors:
  0.000  0.000  0.078  0.592  0.330
  0.988  0.012  0.000  0.000  0.000
  0.000  0.000  0.897  0.103  0.001
  0.000  0.000  0.026  0.306  0.669
  0.012  0.988  0.000  0.000  0.000
    occupations:
  0.334 -0.000 -0.016  0.024  0.000
 -0.000  0.171 -0.000  0.000  0.010
 -0.016 -0.000  0.273  0.007  0.000
  0.024  0.000  0.007  0.352 -0.000
  0.000  0.010  0.000 -0.000  0.264
atom   29   Tr[ns(na)] =   2.78578
    eigenvalues: 
  0.169  0.265  0.267  0.323  0.369
    eigenvectors:
  0.000  0.000  0.078  0.591  0.331
  0.988  0.012  0.000  0.000  0.000
  0.000  0.000  0.897  0.102  0.001
  0.000  0.000  0.026  0.307  0.668
  0.012  0.988  0.000  0.000  0.000
    occupations:
  0.334 -0.000  0.016  0.024  0.000
 -0.000  0.171 -0.000  0.000 -0.011
  0.016 -0.000  0.273 -0.007  0.000
  0.024  0.000 -0.007  0.352 -0.000
  0.000 -0.011  0.000 -0.000  0.264
atom   30   Tr[ns(na)] =   2.78465
    eigenvalues: 
  0.169  0.265  0.267  0.323  0.369
    eigenvectors:
  0.000  0.000  0.078  0.591  0.331
  0.988  0.012  0.000  0.000  0.000
  0.000  0.000  0.896  0.103  0.001
  0.000  0.000  0.026  0.306  0.668
  0.012  0.987  0.000  0.000  0.000
    occupations:
  0.334  0.000  0.016  0.024 -0.000
  0.000  0.170 -0.000 -0.000 -0.010
  0.016 -0.000  0.273 -0.007  0.000
  0.024 -0.000 -0.007  0.352 -0.000
 -0.000 -0.010  0.000 -0.000  0.264
atom   31   Tr[ns(na)] =   2.78465
    eigenvalues: 
  0.169  0.265  0.267  0.323  0.369
    eigenvectors:
  0.000  0.000  0.078  0.591  0.331
  0.988  0.012  0.000  0.000  0.000
  0.000  0.000  0.896  0.103  0.001
  0.000  0.000  0.026  0.306  0.668
  0.012  0.987  0.000  0.000  0.000
    occupations:
  0.334 -0.000 -0.016  0.024 -0.000
 -0.000  0.170 -0.000  0.000  0.010
 -0.016 -0.000  0.273  0.007 -0.000
  0.024  0.000  0.007  0.352 -0.000
 -0.000  0.010 -0.000 -0.000  0.264
atom   32   Tr[ns(na)] =   2.78578
    eigenvalues: 
  0.169  0.265  0.267  0.323  0.369
    eigenvectors:
  0.000  0.000  0.078  0.591  0.331
  0.988  0.012  0.000  0.000  0.000
  0.000  0.000  0.897  0.102  0.001
  0.000  0.000  0.026  0.307  0.668
  0.012  0.988  0.000  0.000  0.000
    occupations:
  0.334 -0.000 -0.016  0.024  0.000
 -0.000  0.171 -0.000  0.000  0.011
 -0.016 -0.000  0.273  0.007  0.000
  0.024  0.000  0.007  0.352 -0.000
  0.000  0.011  0.000 -0.000  0.264
atom   43   Tr[ns(na)] =   2.78515
    eigenvalues: 
  0.169  0.265  0.267  0.323  0.369
    eigenvectors:
  0.000  0.000  0.077  0.590  0.332
  0.988  0.012  0.000  0.000  0.000
  0.000  0.000  0.897  0.102  0.001
  0.000  0.000  0.026  0.307  0.667
  0.012  0.988  0.000  0.000  0.000
    occupations:
  0.334 -0.000  0.016  0.024  0.000
 -0.000  0.171 -0.000  0.000 -0.010
  0.016 -0.000  0.273 -0.007  0.000
  0.024  0.000 -0.007  0.352 -0.000
  0.000 -0.010  0.000 -0.000  0.264
atom   44   Tr[ns(na)] =   2.78461
    eigenvalues: 
  0.169  0.265  0.267  0.323  0.369
    eigenvectors:
  0.000  0.000  0.078  0.592  0.330
  0.988  0.012  0.000  0.000  0.000
  0.000  0.000  0.897  0.102  0.001
  0.000  0.000  0.026  0.306  0.669
  0.012  0.988  0.000  0.000  0.000
    occupations:
  0.334  0.000  0.016  0.024  0.000
  0.000  0.171 -0.000 -0.000 -0.011
  0.016 -0.000  0.272 -0.007  0.000
  0.024 -0.000 -0.007  0.352  0.000
  0.000 -0.011  0.000  0.000  0.264
atom   45   Tr[ns(na)] =   2.78461
    eigenvalues: 
  0.169  0.265  0.267  0.323  0.369
    eigenvectors:
  0.000  0.000  0.078  0.592  0.330
  0.988  0.012  0.000  0.000  0.000
  0.000  0.000  0.897  0.102  0.001
  0.000  0.000  0.026  0.306  0.669
  0.012  0.988  0.000  0.000  0.000
    occupations:
  0.334 -0.000 -0.016  0.024  0.000
 -0.000  0.171 -0.000  0.000  0.011
 -0.016 -0.000  0.272  0.007 -0.000
  0.024  0.000  0.007  0.352  0.000
  0.000  0.011 -0.000  0.000  0.264
atom   46   Tr[ns(na)] =   2.78515
    eigenvalues: 
  0.169  0.265  0.267  0.323  0.369
    eigenvectors:
  0.000  0.000  0.077  0.590  0.332
  0.988  0.012  0.000  0.000  0.000
  0.000  0.000  0.897  0.102  0.001
  0.000  0.000  0.026  0.307  0.667
  0.012  0.988  0.000  0.000  0.000
    occupations:
  0.334 -0.000 -0.016  0.024  0.000
 -0.000  0.171 -0.000  0.000  0.010
 -0.016 -0.000  0.273  0.007  0.000
  0.024  0.000  0.007  0.352 -0.000
  0.000  0.010  0.000 -0.000  0.264
N of occupied +U levels =   44.560455
 --- exit write_ns ---

     total cpu time spent up to now is      425.9 secs

     total energy              =   -5062.28629358 Ry
     Harris-Foulkes estimate   =   -5095.42333916 Ry
     estimated scf accuracy    <      40.76226691 Ry

     iteration #  2     ecut=    65.00 Ry     beta= 0.70
     Davidson diagonalization with overlap
     ethr =  9.10E-03,  avg # of iterations =  4.5

     total cpu time spent up to now is     1092.2 secs

     total energy              =   -5021.13830695 Ry
     Harris-Foulkes estimate   =   -5185.85180563 Ry
     estimated scf accuracy    <     763.56882556 Ry

     iteration #  3     ecut=    65.00 Ry     beta= 0.70
     Davidson diagonalization with overlap
     ethr =  9.10E-03,  avg # of iterations =  5.0

     total cpu time spent up to now is     1759.6 secs

     total energy              =   -5088.32721887 Ry
     Harris-Foulkes estimate   =   -5091.61753714 Ry
     estimated scf accuracy    <       9.83109850 Ry

     iteration #  4     ecut=    65.00 Ry     beta= 0.70
     Davidson diagonalization with overlap
     ethr =  2.19E-03,  avg # of iterations =  2.2

     total cpu time spent up to now is     2006.1 secs

     total energy              =   -5088.61680582 Ry
     Harris-Foulkes estimate   =   -5089.07726047 Ry
     estimated scf accuracy    <       2.01315135 Ry

     iteration #  5     ecut=    65.00 Ry     beta= 0.70
     Davidson diagonalization with overlap
     ethr =  4.49E-04,  avg # of iterations =  5.2

     negative rho (up, down):  2.149E-05 0.000E+00

     total cpu time spent up to now is     2498.4 secs

     total energy              =   -5089.31167968 Ry
     Harris-Foulkes estimate   =   -5089.60036784 Ry
     estimated scf accuracy    <       1.01536337 Ry

     iteration #  6     ecut=    65.00 Ry     beta= 0.70
     Davidson diagonalization with overlap
     ethr =  2.27E-04,  avg # of iterations =  1.0

     negative rho (up, down):  1.337E-03 0.000E+00

     total cpu time spent up to now is     2733.6 secs

     total energy              =   -5089.27486134 Ry
     Harris-Foulkes estimate   =   -5089.39085202 Ry
     estimated scf accuracy    <       0.36019313 Ry

     iteration #  7     ecut=    65.00 Ry     beta= 0.70
     Davidson diagonalization with overlap
     ethr =  8.04E-05,  avg # of iterations =  6.0

     negative rho (up, down):  1.274E-03 0.000E+00

     total cpu time spent up to now is     3410.2 secs

     total energy              =   -5089.55272407 Ry
     Harris-Foulkes estimate   =   -5090.18804679 Ry
     estimated scf accuracy    <       4.73586660 Ry

     iteration #  8     ecut=    65.00 Ry     beta= 0.70
     Davidson diagonalization with overlap
     ethr =  8.04E-05,  avg # of iterations = 13.5

     negative rho (up, down):  1.170E-03 0.000E+00

     total cpu time spent up to now is     3797.8 secs

     total energy              =   -5089.15914134 Ry
     Harris-Foulkes estimate   =   -5089.71364311 Ry
     estimated scf accuracy    <       2.20888348 Ry

     iteration #  9     ecut=    65.00 Ry     beta= 0.70
     Davidson diagonalization with overlap
     ethr =  8.04E-05,  avg # of iterations =  6.6

     negative rho (up, down):  1.193E-03 0.000E+00

     total cpu time spent up to now is     4352.0 secs

     total energy              =   -5089.46813712 Ry
     Harris-Foulkes estimate   =   -5089.48296822 Ry
     estimated scf accuracy    <       0.10672872 Ry

     iteration # 10     ecut=    65.00 Ry     beta= 0.70
     Davidson diagonalization with overlap
     ethr =  2.38E-05,  avg # of iterations =  1.4

     negative rho (up, down):  1.198E-03 0.000E+00

     total cpu time spent up to now is     4586.5 secs

     total energy              =   -5089.47267282 Ry
     Harris-Foulkes estimate   =   -5089.47626819 Ry
     estimated scf accuracy    <       0.02149436 Ry

     iteration # 11     ecut=    65.00 Ry     beta= 0.70
     Davidson diagonalization with overlap
     ethr =  4.80E-06,  avg # of iterations =  6.1

     negative rho (up, down):  1.164E-03 0.000E+00

     total cpu time spent up to now is     4946.4 secs

     total energy              =   -5089.47807895 Ry
     Harris-Foulkes estimate   =   -5089.47853846 Ry
     estimated scf accuracy    <       0.00713315 Ry

     iteration # 12     ecut=    65.00 Ry     beta= 0.70
     Davidson diagonalization with overlap
     ethr =  1.59E-06,  avg # of iterations =  7.6

     negative rho (up, down):  1.147E-03 0.000E+00

     total cpu time spent up to now is     5300.8 secs

     total energy              =   -5089.47540255 Ry
     Harris-Foulkes estimate   =   -5089.48042656 Ry
     estimated scf accuracy    <       0.01589138 Ry

     iteration # 13     ecut=    65.00 Ry     beta= 0.70
     Davidson diagonalization with overlap
     ethr =  1.59E-06,  avg # of iterations =  5.0

     negative rho (up, down):  1.156E-03 0.000E+00

     total cpu time spent up to now is     5591.0 secs

     total energy              =   -5089.47712067 Ry
     Harris-Foulkes estimate   =   -5089.47737577 Ry
     estimated scf accuracy    <       0.00122025 Ry

     iteration # 14     ecut=    65.00 Ry     beta= 0.70
     Davidson diagonalization with overlap
     ethr =  2.72E-07,  avg # of iterations =  5.6

     negative rho (up, down):  1.199E-03 0.000E+00

     total cpu time spent up to now is     6057.0 secs

     total energy              =   -5089.47780220 Ry
     Harris-Foulkes estimate   =   -5089.47784582 Ry
     estimated scf accuracy    <       0.00028647 Ry

     iteration # 15     ecut=    65.00 Ry     beta= 0.70
     Davidson diagonalization with overlap
     ethr =  6.39E-08,  avg # of iterations =  3.6

     negative rho (up, down):  1.205E-03 0.000E+00

     total cpu time spent up to now is     6315.3 secs

     total energy              =   -5089.47779836 Ry
     Harris-Foulkes estimate   =   -5089.47785073 Ry
     estimated scf accuracy    <       0.00017089 Ry

     iteration # 16     ecut=    65.00 Ry     beta= 0.70
     Davidson diagonalization with overlap
     ethr =  3.81E-08,  avg # of iterations =  3.9

     negative rho (up, down):  1.217E-03 0.000E+00

     total cpu time spent up to now is     6586.3 secs

     total energy              =   -5089.47781599 Ry
     Harris-Foulkes estimate   =   -5089.47782299 Ry
     estimated scf accuracy    <       0.00003185 Ry

     iteration # 17     ecut=    65.00 Ry     beta= 0.70
     Davidson diagonalization with overlap
     ethr =  7.11E-09,  avg # of iterations =  5.1

     negative rho (up, down):  1.221E-03 0.000E+00

     total cpu time spent up to now is     7042.2 secs

     total energy              =   -5089.47782628 Ry
     Harris-Foulkes estimate   =   -5089.47783009 Ry
     estimated scf accuracy    <       0.00002142 Ry

     iteration # 18     ecut=    65.00 Ry     beta= 0.70
     Davidson diagonalization with overlap
     ethr =  4.78E-09,  avg # of iterations =  1.0

     negative rho (up, down):  1.226E-03 0.000E+00

     total cpu time spent up to now is     7273.5 secs

     total energy              =   -5089.47782674 Ry
     Harris-Foulkes estimate   =   -5089.47782781 Ry
     estimated scf accuracy    <       0.00000746 Ry

     iteration # 19     ecut=    65.00 Ry     beta= 0.70
     Davidson diagonalization with overlap
     ethr =  1.67E-09,  avg # of iterations =  4.0

     negative rho (up, down):  1.228E-03 0.000E+00

     total cpu time spent up to now is     7641.6 secs

     total energy              =   -5089.47782733 Ry
     Harris-Foulkes estimate   =   -5089.47782891 Ry
     estimated scf accuracy    <       0.00000555 Ry

     iteration # 20     ecut=    65.00 Ry     beta= 0.70
     Davidson diagonalization with overlap
     ethr =  1.24E-09,  avg # of iterations =  5.5

     negative rho (up, down):  1.232E-03 0.000E+00

     total cpu time spent up to now is     7925.2 secs

     total energy              =   -5089.47782756 Ry
     Harris-Foulkes estimate   =   -5089.47782940 Ry
     estimated scf accuracy    <       0.00000884 Ry

     iteration # 21     ecut=    65.00 Ry     beta= 0.70
     Davidson diagonalization with overlap
     ethr =  1.24E-09,  avg # of iterations =  2.9

     negative rho (up, down):  1.231E-03 0.000E+00

     total cpu time spent up to now is     8167.8 secs

     total energy              =   -5089.47782800 Ry
     Harris-Foulkes estimate   =   -5089.47782844 Ry
     estimated scf accuracy    <       0.00000222 Ry

     iteration # 22     ecut=    65.00 Ry     beta= 0.70
     Davidson diagonalization with overlap
     ethr =  4.95E-10,  avg # of iterations =  4.5

     negative rho (up, down):  1.231E-03 0.000E+00

     total cpu time spent up to now is     8459.3 secs

     total energy              =   -5089.47782821 Ry
     Harris-Foulkes estimate   =   -5089.47782848 Ry
     estimated scf accuracy    <       0.00000087 Ry

     iteration # 23     ecut=    65.00 Ry     beta= 0.70
     Davidson diagonalization with overlap
     ethr =  1.94E-10,  avg # of iterations =  5.6

     negative rho (up, down):  1.231E-03 0.000E+00

     total cpu time spent up to now is     8834.7 secs

     total energy              =   -5089.47782836 Ry
     Harris-Foulkes estimate   =   -5089.47782855 Ry
     estimated scf accuracy    <       0.00000082 Ry

     iteration # 24     ecut=    65.00 Ry     beta= 0.70
     Davidson diagonalization with overlap
     ethr =  1.84E-10,  avg # of iterations =  1.2

     negative rho (up, down):  1.233E-03 0.000E+00

     total cpu time spent up to now is     9064.3 secs

     total energy              =   -5089.47782838 Ry
     Harris-Foulkes estimate   =   -5089.47782844 Ry
     estimated scf accuracy    <       0.00000029 Ry

     iteration # 25     ecut=    65.00 Ry     beta= 0.70
     Davidson diagonalization with overlap
     ethr =  6.46E-11,  avg # of iterations =  4.1

     negative rho (up, down):  1.232E-03 0.000E+00

     total cpu time spent up to now is     9459.1 secs

     total energy              =   -5089.47782843 Ry
     Harris-Foulkes estimate   =   -5089.47782847 Ry
     estimated scf accuracy    <       0.00000020 Ry

     iteration # 26     ecut=    65.00 Ry     beta= 0.70
     Davidson diagonalization with overlap
     ethr =  4.41E-11,  avg # of iterations =  1.5

     negative rho (up, down):  1.232E-03 0.000E+00

     total cpu time spent up to now is     9694.5 secs

     total energy              =   -5089.47782843 Ry
     Harris-Foulkes estimate   =   -5089.47782844 Ry
     estimated scf accuracy    <       0.00000007 Ry

     iteration # 27     ecut=    65.00 Ry     beta= 0.70
     Davidson diagonalization with overlap
     ethr =  1.46E-11,  avg # of iterations =  4.4

     negative rho (up, down):  1.232E-03 0.000E+00

     total cpu time spent up to now is    10056.8 secs

     total energy              =   -5089.47782844 Ry
     Harris-Foulkes estimate   =   -5089.47782845 Ry
     estimated scf accuracy    <       0.00000005 Ry

     iteration # 28     ecut=    65.00 Ry     beta= 0.70
     Davidson diagonalization with overlap
     ethr =  1.21E-11,  avg # of iterations =  5.6

     negative rho (up, down):  1.232E-03 0.000E+00

     total cpu time spent up to now is    10358.4 secs

     total energy              =   -5089.47782844 Ry
     Harris-Foulkes estimate   =   -5089.47782846 Ry
     estimated scf accuracy    <       0.00000007 Ry

     iteration # 29     ecut=    65.00 Ry     beta= 0.70
     Davidson diagonalization with overlap
     ethr =  1.21E-11,  avg # of iterations =  3.8

     negative rho (up, down):  1.232E-03 0.000E+00

     total cpu time spent up to now is    10601.5 secs

     total energy              =   -5089.47782844 Ry
     Harris-Foulkes estimate   =   -5089.47782845 Ry
     estimated scf accuracy    <       0.00000002 Ry

     iteration # 30     ecut=    65.00 Ry     beta= 0.70
     Davidson diagonalization with overlap
     ethr =  4.06E-12,  avg # of iterations =  4.4

     negative rho (up, down):  1.232E-03 0.000E+00

     total cpu time spent up to now is    10938.4 secs

     total energy              =   -5089.47782845 Ry
     Harris-Foulkes estimate   =   -5089.47782845 Ry
     estimated scf accuracy    <          7.3E-09 Ry

     iteration # 31     ecut=    65.00 Ry     beta= 0.70
     Davidson diagonalization with overlap
     ethr =  1.63E-12,  avg # of iterations =  6.1

     negative rho (up, down):  1.232E-03 0.000E+00

     total cpu time spent up to now is    11198.2 secs

     total energy              =   -5089.47782845 Ry
     Harris-Foulkes estimate   =   -5089.47782845 Ry
     estimated scf accuracy    <          3.4E-09 Ry

     iteration # 32     ecut=    65.00 Ry     beta= 0.70
     Davidson diagonalization with overlap
     ethr =  7.66E-13,  avg # of iterations =  4.5

     negative rho (up, down):  1.232E-03 0.000E+00

     total cpu time spent up to now is    11523.0 secs

     total energy              =   -5089.47782845 Ry
     Harris-Foulkes estimate   =   -5089.47782845 Ry
     estimated scf accuracy    <          2.5E-09 Ry

     iteration # 33     ecut=    65.00 Ry     beta= 0.70
     Davidson diagonalization with overlap
